,1,2,3,4,5,6,7,8,9,10,11,12,13,14,15,16,17,18,19,20,21,22,23,25,26,27,28,29,30,31,32,33,34,35,36,37,38,39,40,41,42,43,44,45,46,47,48,49,50,51,52,53,54,55,56,57,58,59,60,61,62,63,64,65,66,67,68,69,70,71,72,73,74,75,76,77,78,79,80,81,82,83,84,85,86,87,88,89,90,91,92,93,94,95,96,97,98,99,100,101,102,103,104,105,106,107,108,109,110,111,112,113,114,119,120,121,123,126,128,129,131,135,136,137,138,145
1,0.0,2474.0,292.0,288.0,1691.0,358.0,2365.0,319.0,502.0,272.0,1384.0,78.0,992.0,3111.0,673.0,821.0,1073.0,154.0,883.0,1229.0,665.0,1741.0,480.0,2518.0,3586.0,1781.0,732.0,893.0,2477.0,2431.0,329.0,479.0,368.0,2229.0,1538.0,1176.0,460.0,1635.0,978.0,159.0,1044.0,312.0,451.0,655.0,417.0,948.0,175.0,913.0,1152.0,1035.0,289.0,987.0,253.0,207.0,422.0,192.0,381.0,636.0,917.0,421.0,882.0,463.0,1653.0,221.0,81.0,291.0,908.0,528.0,234.0,1667.0,398.0,487.0,2271.0,1420.0,738.0,251.0,130.0,498.0,258.0,449.0,162.0,469.0,2376.0,984.0,2571.0,957.0,1314.0,38.0,243.0,371.0,296.0,307.0,394.0,91.0,817.0,1545.0,1077.0,1225.0,753.0,990.0,1164.0,200.0,2359.0,1242.0,484.0,552.0,453.0,260.0,896.0,552.0,442.0,402.0,527.0,807.0,344.0,650.0,1290.0,483.0,553.0,846.0,500.0,1022.0,507.0,335.0,329.0,508.0
2,2474.0,0.0,401.0,791.0,2402.0,3089.0,1937.0,3226.0,728.0,1785.0,2931.0,678.0,1251.0,3350.0,670.0,423.0,1392.0,361.0,749.0,1508.0,739.0,2624.0,303.0,3623.0,4884.0,2358.0,169.0,194.0,3648.0,3406.0,835.0,477.0,450.0,3546.0,1489.0,1702.0,77.0,2380.0,1374.0,1031.0,877.0,336.0,3620.0,841.0,832.0,1009.0,901.0,1141.0,1740.0,1222.0,345.0,1228.0,1298.0,134.0,613.0,221.0,491.0,720.0,162.0,465.0,1295.0,1149.0,2309.0,246.0,87.0,2985.0,1366.0,169.0,1472.0,1599.0,958.0,1271.0,3100.0,2222.0,1045.0,198.0,39.0,677.0,318.0,261.0,268.0,557.0,2836.0,1061.0,3413.0,1304.0,1610.0,140.0,291.0,716.0,220.0,1766.0,1568.0,594.0,100.0,1000.0,357.0,296.0,875.0,1448.0,1463.0,139.0,693.0,1620.0,724.0,581.0,98.0,504.0,971.0,744.0,498.0,558.0,1235.0,1003.0,255.0,956.0,1622.0,666.0,804.0,135.0,720.0,292.0,791.0,117.0,576.0,1422.0
3,292.0,401.0,0.0,125.0,146.0,362.0,333.0,362.0,65.0,204.0,298.0,81.0,140.0,450.0,110.0,160.0,121.0,47.0,136.0,141.0,97.0,190.0,58.0,353.0,319.0,124.0,124.0,163.0,232.0,181.0,111.0,60.0,48.0,378.0,201.0,116.0,75.0,237.0,94.0,139.0,251.0,52.0,407.0,75.0,105.0,142.0,117.0,241.0,112.0,113.0,44.0,134.0,168.0,31.0,58.0,48.0,49.0,91.0,163.0,58.0,123.0,130.0,172.0,20.0,6.0,353.0,98.0,91.0,191.0,195.0,112.0,146.0,294.0,170.0,129.0,42.0,31.0,60.0,51.0,90.0,21.0,51.0,247.0,115.0,265.0,82.0,151.0,21.0,37.0,52.0,39.0,189.0,187.0,69.0,117.0,221.0,153.0,173.0,87.0,81.0,117.0,50.0,373.0,119.0,83.0,65.0,74.0,84.0,115.0,49.0,38.0,62.0,131.0,78.0,42.0,70.0,122.0,62.0,66.0,121.0,45.0,165.0,84.0,47.0,54.0,197.0
4,288.0,791.0,125.0,0.0,638.0,392.0,749.0,458.0,212.0,201.0,494.0,92.0,299.0,1241.0,318.0,319.0,329.0,87.0,335.0,476.0,226.0,812.0,181.0,798.0,1359.0,693.0,241.0,341.0,910.0,1002.0,204.0,154.0,125.0,914.0,568.0,479.0,119.0,641.0,443.0,182.0,457.0,139.0,440.0,347.0,152.0,347.0,158.0,456.0,355.0,448.0,98.0,358.0,213.0,82.0,136.0,94.0,166.0,259.0,351.0,105.0,414.0,227.0,659.0,91.0,26.0,377.0,409.0,250.0,186.0,651.0,226.0,249.0,654.0,681.0,324.0,94.0,35.0,194.0,84.0,192.0,45.0,151.0,939.0,379.0,914.0,395.0,572.0,39.0,102.0,135.0,76.0,289.0,297.0,82.0,299.0,481.0,316.0,445.0,286.0,434.0,438.0,62.0,753.0,380.0,231.0,175.0,184.0,130.0,304.0,187.0,147.0,71.0,262.0,274.0,130.0,260.0,404.0,140.0,201.0,293.0,241.0,389.0,165.0,121.0,156.0,334.0
5,1691.0,2402.0,146.0,638.0,0.0,2000.0,1965.0,2648.0,378.0,1135.0,1926.0,446.0,912.0,2476.0,878.0,818.0,968.0,337.0,823.0,713.0,546.0,1502.0,449.0,2181.0,1791.0,774.0,751.0,871.0,1148.0,966.0,591.0,332.0,254.0,2335.0,1522.0,553.0,377.0,1531.0,553.0,810.0,1545.0,331.0,2552.0,357.0,591.0,979.0,665.0,1453.0,564.0,678.0,251.0,745.0,1071.0,144.0,427.0,147.0,219.0,626.0,904.0,359.0,717.0,802.0,780.0,147.0,17.0,2050.0,498.0,500.0,1270.0,1316.0,597.0,1015.0,1868.0,994.0,789.0,262.0,139.0,220.0,257.0,557.0,175.0,258.0,1562.0,798.0,1614.0,413.0,913.0,96.0,165.0,213.0,242.0,1400.0,1216.0,407.0,855.0,1386.0,1093.0,1238.0,505.0,618.0,670.0,172.0,2241.0,692.0,526.0,427.0,506.0,453.0,570.0,216.0,207.0,369.0,913.0,429.0,339.0,301.0,744.0,550.0,400.0,871.0,271.0,1076.0,440.0,352.0,369.0,1137.0
6,358.0,3089.0,362.0,392.0,2000.0,0.0,2966.0,443.0,675.0,255.0,1645.0,126.0,1206.0,4310.0,919.0,1135.0,1274.0,225.0,1101.0,1762.0,702.0,2216.0,605.0,3010.0,4148.0,2027.0,929.0,1307.0,2989.0,2888.0,487.0,551.0,441.0,2537.0,2047.0,1427.0,531.0,2107.0,1233.0,255.0,1468.0,416.0,574.0,801.0,457.0,1106.0,228.0,1269.0,1395.0,1876.0,369.0,1187.0,312.0,252.0,365.0,306.0,431.0,792.0,1251.0,420.0,1259.0,536.0,1938.0,254.0,86.0,472.0,1125.0,813.0,309.0,2205.0,482.0,687.0,2531.0,1704.0,972.0,352.0,154.0,620.0,295.0,529.0,202.0,684.0,3570.0,1543.0,3063.0,1162.0,1744.0,78.0,261.0,490.0,352.0,397.0,380.0,167.0,1179.0,1883.0,1370.0,1646.0,1310.0,1205.0,1845.0,274.0,2964.0,1366.0,718.0,698.0,695.0,312.0,961.0,651.0,476.0,383.0,693.0,925.0,414.0,693.0,1461.0,671.0,690.0,1245.0,666.0,1436.0,773.0,490.0,428.0,792.0
7,2365.0,1937.0,333.0,749.0,1965.0,2966.0,0.0,2848.0,591.0,1698.0,2533.0,681.0,1019.0,3081.0,890.0,724.0,1029.0,393.0,867.0,1415.0,709.0,1955.0,465.0,2591.0,3956.0,2010.0,615.0,767.0,2556.0,2616.0,743.0,580.0,374.0,2873.0,1587.0,1282.0,406.0,1686.0,1010.0,865.0,1391.0,348.0,3216.0,751.0,729.0,1012.0,869.0,1507.0,1395.0,1127.0,298.0,1105.0,1297.0,203.0,527.0,233.0,369.0,672.0,819.0,537.0,932.0,1009.0,1818.0,230.0,71.0,2855.0,1082.0,527.0,1440.0,1558.0,858.0,1215.0,2346.0,1535.0,842.0,292.0,101.0,585.0,290.0,527.0,239.0,444.0,2408.0,1038.0,2850.0,1062.0,1318.0,130.0,247.0,669.0,300.0,1622.0,1462.0,529.0,678.0,1638.0,1055.0,1161.0,806.0,1085.0,1265.0,233.0,2049.0,1259.0,529.0,581.0,423.0,625.0,934.0,640.0,465.0,430.0,1041.0,875.0,296.0,692.0,1360.0,508.0,684.0,829.0,560.0,947.0,767.0,285.0,509.0,1277.0
8,319.0,3226.0,362.0,458.0,2648.0,443.0,2848.0,0.0,762.0,297.0,1709.0,115.0,1313.0,4083.0,1030.0,1165.0,1479.0,190.0,1094.0,1594.0,827.0,2703.0,664.0,3353.0,4929.0,2645.0,971.0,1322.0,3498.0,3583.0,476.0,632.0,425.0,3262.0,2275.0,1564.0,489.0,2406.0,1548.0,167.0,1441.0,465.0,508.0,872.0,453.0,1378.0,210.0,1260.0,1442.0,1322.0,430.0,1364.0,324.0,255.0,469.0,287.0,472.0,944.0,1282.0,401.0,1394.0,650.0,2319.0,292.0,67.0,406.0,1282.0,837.0,285.0,2317.0,578.0,708.0,2788.0,2063.0,1196.0,313.0,148.0,600.0,289.0,576.0,218.0,559.0,3413.0,1337.0,3280.0,1363.0,1777.0,67.0,333.0,463.0,357.0,404.0,511.0,119.0,1247.0,2215.0,1443.0,1626.0,922.0,1358.0,1447.0,258.0,3017.0,1377.0,759.0,629.0,693.0,321.0,1047.0,692.0,556.0,448.0,669.0,1040.0,402.0,948.0,1524.0,671.0,803.0,1115.0,709.0,1446.0,549.0,463.0,453.0,771.0
9,502.0,728.0,65.0,212.0,378.0,675.0,591.0,762.0,0.0,338.0,609.0,170.0,266.0,808.0,274.0,313.0,298.0,118.0,282.0,237.0,208.0,492.0,155.0,658.0,814.0,385.0,245.0,333.0,560.0,450.0,235.0,98.0,99.0,782.0,476.0,241.0,115.0,473.0,211.0,304.0,511.0,105.0,822.0,110.0,149.0,281.0,229.0,505.0,237.0,263.0,88.0,263.0,377.0,53.0,139.0,65.0,74.0,229.0,304.0,102.0,187.0,249.0,347.0,45.0,15.0,628.0,232.0,169.0,344.0,423.0,198.0,350.0,553.0,319.0,290.0,91.0,25.0,104.0,86.0,228.0,60.0,101.0,634.0,274.0,477.0,216.0,256.0,39.0,70.0,110.0,61.0,483.0,411.0,154.0,300.0,380.0,313.0,422.0,170.0,179.0,292.0,63.0,731.0,215.0,187.0,127.0,163.0,148.0,153.0,112.0,105.0,94.0,300.0,210.0,114.0,114.0,223.0,136.0,118.0,286.0,117.0,296.0,134.0,106.0,108.0,353.0
10,272.0,1785.0,204.0,201.0,1135.0,255.0,1698.0,297.0,338.0,0.0,1081.0,74.0,774.0,2135.0,453.0,589.0,749.0,110.0,714.0,906.0,399.0,1261.0,357.0,2020.0,2659.0,1251.0,546.0,643.0,1705.0,1780.0,272.0,397.0,312.0,1517.0,1009.0,785.0,377.0,1222.0,701.0,143.0,747.0,222.0,400.0,438.0,285.0,552.0,139.0,646.0,822.0,1028.0,229.0,641.0,269.0,167.0,260.0,157.0,245.0,494.0,735.0,346.0,739.0,308.0,1142.0,190.0,57.0,318.0,708.0,432.0,226.0,1148.0,326.0,393.0,1651.0,942.0,524.0,198.0,91.0,452.0,198.0,281.0,146.0,357.0,1823.0,778.0,1945.0,636.0,979.0,42.0,173.0,318.0,278.0,276.0,201.0,76.0,645.0,1232.0,863.0,850.0,758.0,735.0,1046.0,166.0,1738.0,891.0,410.0,469.0,323.0,248.0,682.0,453.0,305.0,320.0,386.0,586.0,319.0,456.0,962.0,390.0,426.0,721.0,400.0,929.0,557.0,264.0,296.0,470.0
11,1384.0,2931.0,298.0,494.0,1926.0,1645.0,2533.0,1709.0,609.0,1081.0,0.0,386.0,667.0,3509.0,694.0,903.0,665.0,335.0,1033.0,1593.0,586.0,1722.0,538.0,1873.0,4012.0,2216.0,935.0,1012.0,2796.0,2661.0,537.0,650.0,355.0,2020.0,1309.0,1304.0,537.0,1107.0,1067.0,667.0,1572.0,284.0,1969.0,672.0,435.0,832.0,491.0,1295.0,1411.0,1480.0,249.0,1093.0,933.0,214.0,384.0,250.0,389.0,587.0,1080.0,349.0,1059.0,682.0,1891.0,221.0,85.0,1743.0,948.0,616.0,1005.0,2048.0,607.0,958.0,1903.0,1403.0,523.0,311.0,127.0,534.0,226.0,578.0,149.0,538.0,2856.0,1231.0,2893.0,1058.0,1354.0,114.0,255.0,771.0,330.0,1078.0,799.0,298.0,982.0,1916.0,1242.0,1474.0,1102.0,1128.0,1363.0,263.0,2953.0,1402.0,399.0,576.0,544.0,549.0,909.0,629.0,408.0,322.0,774.0,849.0,326.0,711.0,1558.0,383.0,656.0,1165.0,606.0,1229.0,1284.0,389.0,447.0,858.0
12,78.0,678.0,81.0,92.0,446.0,126.0,681.0,115.0,170.0,74.0,386.0,0.0,208.0,822.0,164.0,207.0,262.0,67.0,227.0,338.0,177.0,502.0,120.0,632.0,905.0,508.0,192.0,229.0,697.0,618.0,116.0,136.0,106.0,681.0,458.0,381.0,109.0,409.0,278.0,64.0,307.0,99.0,157.0,190.0,110.0,298.0,76.0,222.0,305.0,234.0,80.0,294.0,99.0,57.0,125.0,54.0,109.0,186.0,208.0,95.0,243.0,150.0,439.0,52.0,14.0,96.0,263.0,129.0,69.0,432.0,138.0,141.0,535.0,413.0,196.0,75.0,23.0,119.0,50.0,130.0,51.0,128.0,596.0,284.0,692.0,227.0,312.0,22.0,71.0,109.0,74.0,97.0,98.0,43.0,226.0,299.0,235.0,345.0,159.0,271.0,273.0,50.0,608.0,316.0,120.0,104.0,141.0,62.0,204.0,133.0,131.0,96.0,144.0,196.0,80.0,225.0,321.0,129.0,168.0,168.0,128.0,256.0,113.0,89.0,82.0,164.0
13,992.0,1251.0,140.0,299.0,912.0,1206.0,1019.0,1313.0,266.0,774.0,667.0,208.0,0.0,1563.0,418.0,390.0,42.0,196.0,376.0,651.0,242.0,585.0,205.0,346.0,1857.0,970.0,389.0,522.0,1210.0,1424.0,242.0,258.0,91.0,724.0,390.0,613.0,312.0,188.0,523.0,421.0,800.0,113.0,1325.0,293.0,177.0,289.0,335.0,792.0,576.0,654.0,73.0,418.0,593.0,104.0,146.0,122.0,172.0,149.0,555.0,92.0,494.0,367.0,939.0,126.0,36.0,1232.0,476.0,334.0,647.0,801.0,376.0,562.0,413.0,649.0,51.0,140.0,67.0,317.0,48.0,261.0,41.0,229.0,1276.0,586.0,1246.0,495.0,671.0,64.0,94.0,274.0,158.0,654.0,569.0,177.0,447.0,816.0,542.0,672.0,478.0,476.0,738.0,147.0,1186.0,551.0,44.0,194.0,266.0,289.0,446.0,270.0,187.0,50.0,383.0,396.0,119.0,324.0,635.0,43.0,287.0,579.0,345.0,724.0,406.0,200.0,247.0,522.0
14,3111.0,3350.0,450.0,1241.0,2476.0,4310.0,3081.0,4083.0,808.0,2135.0,3509.0,822.0,1563.0,0.0,1546.0,1295.0,1683.0,630.0,1265.0,1846.0,1104.0,2797.0,709.0,3884.0,4891.0,2492.0,1133.0,1413.0,3336.0,3276.0,1202.0,657.0,504.0,4341.0,2635.0,1711.0,574.0,2754.0,1441.0,1436.0,2398.0,597.0,4460.0,910.0,1069.0,1719.0,1290.0,2453.0,1561.0,1291.0,467.0,1491.0,1798.0,327.0,888.0,303.0,570.0,1068.0,1485.0,602.0,1386.0,1491.0,2257.0,282.0,88.0,3876.0,1437.0,945.0,1986.0,2034.0,1224.0,1745.0,3265.0,2388.0,1364.0,435.0,165.0,687.0,458.0,896.0,319.0,571.0,3350.0,1320.0,3277.0,1307.0,1775.0,185.0,365.0,663.0,518.0,2400.0,2213.0,796.0,1280.0,2011.0,1498.0,1931.0,933.0,1539.0,1613.0,290.0,3493.0,1563.0,999.0,755.0,710.0,889.0,1190.0,798.0,632.0,646.0,1535.0,1103.0,551.0,880.0,1486.0,817.0,825.0,1226.0,711.0,1670.0,856.0,477.0,758.0,2022.0
15,673.0,670.0,110.0,318.0,878.0,919.0,890.0,1030.0,274.0,453.0,694.0,164.0,418.0,1546.0,0.0,315.0,418.0,170.0,406.0,547.0,281.0,862.0,172.0,1029.0,1717.0,873.0,230.0,340.0,1135.0,1150.0,280.0,178.0,144.0,1139.0,603.0,624.0,99.0,732.0,535.0,354.0,555.0,142.0,945.0,316.0,193.0,388.0,291.0,537.0,453.0,668.0,122.0,491.0,439.0,76.0,176.0,104.0,187.0,279.0,287.0,132.0,548.0,328.0,763.0,106.0,32.0,902.0,477.0,202.0,455.0,805.0,343.0,439.0,818.0,748.0,387.0,78.0,33.0,234.0,113.0,207.0,67.0,228.0,1288.0,469.0,1166.0,463.0,754.0,57.0,98.0,225.0,89.0,562.0,507.0,181.0,275.0,521.0,303.0,401.0,429.0,444.0,619.0,111.0,656.0,532.0,281.0,220.0,181.0,179.0,279.0,255.0,180.0,121.0,413.0,368.0,127.0,307.0,499.0,199.0,267.0,252.0,266.0,343.0,281.0,116.0,208.0,524.0
16,821.0,423.0,160.0,319.0,818.0,1135.0,724.0,1165.0,313.0,589.0,903.0,207.0,390.0,1295.0,315.0,0.0,448.0,154.0,348.0,513.0,282.0,903.0,132.0,1057.0,1531.0,814.0,158.0,177.0,1128.0,1136.0,275.0,171.0,147.0,1188.0,519.0,586.0,84.0,740.0,482.0,436.0,457.0,122.0,1152.0,315.0,276.0,389.0,314.0,551.0,470.0,511.0,134.0,488.0,535.0,50.0,212.0,85.0,153.0,221.0,181.0,135.0,391.0,396.0,763.0,88.0,31.0,1110.0,494.0,133.0,558.0,606.0,389.0,465.0,856.0,714.0,343.0,80.0,30.0,249.0,85.0,165.0,70.0,193.0,1050.0,403.0,1103.0,470.0,561.0,53.0,106.0,198.0,87.0,660.0,599.0,191.0,143.0,488.0,216.0,286.0,332.0,430.0,517.0,78.0,455.0,465.0,250.0,228.0,92.0,205.0,333.0,244.0,169.0,166.0,392.0,372.0,146.0,274.0,544.0,195.0,266.0,155.0,226.0,204.0,267.0,69.0,254.0,516.0
17,1073.0,1392.0,121.0,329.0,968.0,1274.0,1029.0,1479.0,298.0,749.0,665.0,262.0,42.0,1683.0,418.0,448.0,0.0,210.0,430.0,744.0,203.0,621.0,196.0,388.0,1934.0,985.0,428.0,573.0,1391.0,1490.0,290.0,298.0,98.0,721.0,419.0,612.0,260.0,241.0,571.0,412.0,860.0,98.0,1484.0,351.0,170.0,312.0,358.0,815.0,616.0,730.0,77.0,476.0,709.0,102.0,181.0,122.0,185.0,157.0,585.0,95.0,588.0,443.0,945.0,107.0,42.0,1311.0,523.0,392.0,675.0,974.0,434.0,589.0,401.0,865.0,55.0,151.0,80.0,307.0,53.0,321.0,41.0,247.0,1406.0,633.0,1252.0,563.0,772.0,66.0,114.0,320.0,140.0,725.0,651.0,230.0,517.0,853.0,542.0,702.0,496.0,543.0,771.0,116.0,1351.0,635.0,53.0,211.0,333.0,315.0,436.0,277.0,213.0,51.0,483.0,434.0,105.0,397.0,689.0,57.0,337.0,566.0,330.0,716.0,426.0,201.0,289.0,539.0
18,154.0,361.0,47.0,87.0,337.0,225.0,393.0,190.0,118.0,110.0,335.0,67.0,196.0,630.0,170.0,154.0,210.0,0.0,160.0,225.0,143.0,421.0,97.0,493.0,682.0,345.0,136.0,179.0,489.0,416.0,111.0,112.0,76.0,568.0,321.0,271.0,63.0,351.0,212.0,87.0,187.0,80.0,276.0,127.0,95.0,216.0,102.0,199.0,231.0,177.0,66.0,216.0,92.0,57.0,96.0,49.0,70.0,145.0,138.0,57.0,213.0,171.0,325.0,48.0,15.0,177.0,213.0,116.0,96.0,293.0,116.0,139.0,399.0,324.0,177.0,43.0,12.0,83.0,42.0,92.0,31.0,91.0,452.0,201.0,517.0,181.0,248.0,20.0,60.0,82.0,47.0,171.0,143.0,62.0,148.0,317.0,154.0,207.0,144.0,260.0,194.0,33.0,351.0,245.0,92.0,92.0,107.0,73.0,151.0,99.0,82.0,52.0,130.0,153.0,77.0,125.0,226.0,113.0,133.0,142.0,89.0,168.0,86.0,57.0,77.0,149.0
19,883.0,749.0,136.0,335.0,823.0,1101.0,867.0,1094.0,282.0,714.0,1033.0,227.0,376.0,1265.0,406.0,348.0,430.0,160.0,0.0,618.0,296.0,801.0,185.0,986.0,1600.0,779.0,266.0,303.0,1197.0,1125.0,303.0,214.0,153.0,1155.0,609.0,578.0,163.0,649.0,476.0,391.0,615.0,155.0,1279.0,324.0,287.0,379.0,340.0,644.0,522.0,542.0,141.0,505.0,511.0,101.0,214.0,78.0,158.0,257.0,321.0,133.0,474.0,398.0,758.0,118.0,29.0,1089.0,438.0,231.0,589.0,645.0,376.0,549.0,841.0,702.0,307.0,121.0,47.0,259.0,101.0,210.0,78.0,217.0,1067.0,482.0,1181.0,483.0,553.0,52.0,149.0,243.0,133.0,662.0,580.0,187.0,300.0,875.0,454.0,477.0,452.0,467.0,505.0,87.0,784.0,540.0,244.0,238.0,156.0,303.0,369.0,249.0,195.0,141.0,433.0,400.0,146.0,326.0,557.0,200.0,273.0,401.0,268.0,387.0,321.0,141.0,254.0,550.0
20,1229.0,1508.0,141.0,476.0,713.0,1762.0,1415.0,1594.0,237.0,906.0,1593.0,338.0,651.0,1846.0,547.0,513.0,744.0,225.0,618.0,0.0,366.0,1096.0,301.0,1755.0,1625.0,746.0,517.0,586.0,1145.0,1063.0,412.0,247.0,206.0,1661.0,1030.0,551.0,328.0,1110.0,503.0,522.0,1015.0,207.0,1775.0,324.0,432.0,608.0,444.0,1030.0,508.0,644.0,174.0,483.0,823.0,113.0,298.0,112.0,185.0,358.0,661.0,273.0,488.0,544.0,802.0,114.0,30.0,1502.0,439.0,376.0,867.0,877.0,408.0,770.0,1361.0,734.0,581.0,192.0,83.0,238.0,195.0,364.0,107.0,216.0,1243.0,618.0,1267.0,388.0,694.0,60.0,123.0,259.0,200.0,842.0,833.0,266.0,587.0,1047.0,685.0,837.0,490.0,500.0,710.0,127.0,1521.0,565.0,444.0,346.0,319.0,364.0,505.0,247.0,200.0,302.0,680.0,381.0,267.0,281.0,565.0,389.0,301.0,595.0,252.0,760.0,375.0,232.0,300.0,820.0
21,665.0,739.0,97.0,226.0,546.0,702.0,709.0,827.0,208.0,399.0,586.0,177.0,242.0,1104.0,281.0,282.0,203.0,143.0,296.0,366.0,0.0,534.0,156.0,600.0,1085.0,607.0,244.0,301.0,726.0,685.0,256.0,150.0,100.0,791.0,456.0,363.0,134.0,431.0,284.0,323.0,543.0,109.0,919.0,202.0,180.0,320.0,270.0,484.0,347.0,386.0,90.0,321.0,390.0,56.0,148.0,91.0,123.0,221.0,270.0,112.0,343.0,286.0,504.0,63.0,15.0,750.0,316.0,190.0,418.0,591.0,238.0,354.0,559.0,440.0,230.0,88.0,35.0,142.0,73.0,220.0,52.0,175.0,836.0,382.0,696.0,302.0,408.0,52.0,82.0,172.0,102.0,503.0,386.0,174.0,292.0,433.0,311.0,479.0,263.0,311.0,367.0,80.0,805.0,354.0,127.0,157.0,171.0,193.0,246.0,185.0,117.0,101.0,310.0,229.0,102.0,192.0,315.0,130.0,178.0,271.0,145.0,328.0,197.0,107.0,138.0,371.0
22,1741.0,2624.0,190.0,812.0,1502.0,2216.0,1955.0,2703.0,492.0,1261.0,1722.0,502.0,585.0,2797.0,862.0,903.0,621.0,421.0,801.0,1096.0,534.0,0.0,458.0,1711.0,2959.0,1451.0,798.0,1024.0,2132.0,1957.0,682.0,367.0,238.0,2056.0,1271.0,1044.0,410.0,1159.0,850.0,878.0,1729.0,262.0,2749.0,510.0,491.0,843.0,695.0,1589.0,866.0,1014.0,181.0,857.0,1174.0,172.0,394.0,203.0,309.0,580.0,1024.0,247.0,842.0,847.0,1385.0,150.0,52.0,2507.0,790.0,670.0,1238.0,1566.0,676.0,1077.0,1407.0,1207.0,542.0,260.0,117.0,397.0,204.0,634.0,128.0,380.0,2211.0,936.0,1937.0,797.0,1141.0,109.0,184.0,394.0,251.0,1446.0,1239.0,430.0,945.0,1464.0,1035.0,1368.0,735.0,742.0,1030.0,198.0,2637.0,842.0,402.0,399.0,545.0,484.0,628.0,461.0,333.0,217.0,942.0,621.0,296.0,491.0,873.0,337.0,445.0,940.0,455.0,1191.0,543.0,364.0,375.0,1137.0
23,480.0,303.0,58.0,181.0,449.0,605.0,465.0,664.0,155.0,357.0,538.0,120.0,205.0,709.0,172.0,132.0,196.0,97.0,185.0,301.0,156.0,458.0,0.0,565.0,994.0,506.0,102.0,132.0,687.0,615.0,164.0,123.0,84.0,659.0,286.0,338.0,45.0,365.0,295.0,270.0,269.0,80.0,667.0,188.0,158.0,207.0,207.0,300.0,277.0,275.0,70.0,248.0,287.0,40.0,137.0,44.0,96.0,148.0,126.0,69.0,262.0,244.0,451.0,60.0,18.0,585.0,272.0,107.0,329.0,389.0,228.0,277.0,498.0,407.0,163.0,49.0,23.0,145.0,66.0,116.0,31.0,118.0,627.0,239.0,687.0,269.0,317.0,29.0,86.0,123.0,54.0,369.0,296.0,122.0,127.0,314.0,153.0,202.0,205.0,277.0,291.0,50.0,351.0,310.0,130.0,119.0,67.0,111.0,211.0,154.0,129.0,91.0,235.0,221.0,58.0,153.0,318.0,96.0,159.0,111.0,157.0,133.0,159.0,60.0,101.0,302.0
25,2518.0,3623.0,353.0,798.0,2181.0,3010.0,2591.0,3353.0,658.0,2020.0,1873.0,632.0,346.0,3884.0,1029.0,1057.0,388.0,493.0,986.0,1755.0,600.0,1711.0,565.0,0.0,4526.0,2320.0,1036.0,1400.0,3328.0,3466.0,751.0,659.0,335.0,2088.0,1208.0,1578.0,736.0,859.0,1203.0,1086.0,2231.0,284.0,3479.0,854.0,599.0,854.0,787.0,2074.0,1568.0,1729.0,223.0,1149.0,1746.0,250.0,442.0,311.0,468.0,497.0,1518.0,294.0,1317.0,1013.0,2199.0,285.0,77.0,3382.0,1139.0,851.0,1814.0,2284.0,910.0,1485.0,1496.0,1713.0,329.0,382.0,203.0,728.0,182.0,719.0,124.0,652.0,3290.0,1433.0,3126.0,1254.0,1683.0,132.0,250.0,820.0,371.0,1850.0,1542.0,592.0,1345.0,2145.0,1474.0,1804.0,1146.0,1251.0,1914.0,274.0,3547.0,1477.0,265.0,500.0,661.0,784.0,1037.0,841.0,565.0,201.0,1099.0,1074.0,331.0,954.0,1662.0,246.0,825.0,1395.0,716.0,1679.0,1058.0,502.0,606.0,1375.0
26,3586.0,4884.0,319.0,1359.0,1791.0,4148.0,3956.0,4929.0,814.0,2659.0,4012.0,905.0,1857.0,4891.0,1717.0,1531.0,1934.0,682.0,1600.0,1625.0,1085.0,2959.0,994.0,4526.0,0.0,1885.0,1520.0,1881.0,2744.0,2617.0,1189.0,672.0,581.0,4430.0,3084.0,1368.0,813.0,3122.0,1335.0,1604.0,3156.0,598.0,5235.0,861.0,1164.0,1827.0,1321.0,2977.0,1305.0,1500.0,472.0,1477.0,2248.0,349.0,808.0,263.0,485.0,1290.0,1884.0,714.0,1390.0,1583.0,1880.0,276.0,84.0,4485.0,1214.0,1160.0,2591.0,2671.0,1214.0,2155.0,3872.0,2167.0,1514.0,569.0,216.0,530.0,493.0,1207.0,377.0,523.0,3425.0,1668.0,3277.0,1068.0,1857.0,182.0,372.0,631.0,519.0,2830.0,2423.0,895.0,1775.0,2839.0,2211.0,2629.0,1113.0,1372.0,1651.0,317.0,5071.0,1468.0,1042.0,940.0,949.0,975.0,1222.0,644.0,494.0,712.0,1826.0,917.0,686.0,812.0,1517.0,1021.0,772.0,1803.0,572.0,2234.0,899.0,741.0,695.0,2225.0
27,1781.0,2358.0,124.0,693.0,774.0,2027.0,2010.0,2645.0,385.0,1251.0,2216.0,508.0,970.0,2492.0,873.0,814.0,985.0,345.0,779.0,746.0,607.0,1451.0,506.0,2320.0,1885.0,0.0,850.0,919.0,1294.0,1072.0,652.0,325.0,276.0,2409.0,1536.0,650.0,369.0,1617.0,591.0,838.0,1593.0,298.0,2696.0,433.0,622.0,1005.0,692.0,1440.0,586.0,717.0,251.0,803.0,1045.0,172.0,442.0,138.0,233.0,678.0,911.0,398.0,713.0,887.0,939.0,159.0,25.0,2070.0,569.0,525.0,1650.0,1352.0,619.0,1005.0,2025.0,1086.0,845.0,333.0,117.0,245.0,259.0,628.0,196.0,234.0,1585.0,744.0,1612.0,462.0,917.0,87.0,169.0,230.0,254.0,1485.0,1075.0,435.0,857.0,1306.0,1092.0,1349.0,562.0,634.0,774.0,133.0,2482.0,722.0,521.0,420.0,483.0,470.0,611.0,272.0,250.0,420.0,943.0,484.0,329.0,318.0,678.0,531.0,391.0,978.0,264.0,1083.0,392.0,353.0,303.0,1087.0
28,732.0,169.0,124.0,241.0,751.0,929.0,615.0,971.0,245.0,546.0,935.0,192.0,389.0,1133.0,230.0,158.0,428.0,136.0,266.0,517.0,244.0,798.0,102.0,1036.0,1520.0,850.0,0.0,108.0,1044.0,1039.0,270.0,165.0,150.0,1158.0,529.0,569.0,44.0,704.0,480.0,357.0,344.0,108.0,1189.0,247.0,244.0,349.0,330.0,368.0,484.0,416.0,130.0,417.0,410.0,52.0,214.0,71.0,162.0,238.0,76.0,124.0,375.0,370.0,706.0,88.0,20.0,858.0,422.0,70.0,471.0,519.0,338.0,392.0,912.0,651.0,366.0,63.0,15.0,183.0,75.0,109.0,80.0,173.0,988.0,353.0,1041.0,443.0,532.0,56.0,88.0,235.0,65.0,603.0,538.0,144.0,48.0,354.0,126.0,160.0,304.0,402.0,413.0,58.0,274.0,461.0,217.0,160.0,67.0,157.0,312.0,232.0,176.0,145.0,343.0,313.0,93.0,310.0,503.0,210.0,243.0,69.0,234.0,96.0,218.0,52.0,186.0,427.0
29,893.0,194.0,163.0,341.0,871.0,1307.0,767.0,1322.0,333.0,643.0,1012.0,229.0,522.0,1413.0,340.0,177.0,573.0,179.0,303.0,586.0,301.0,1024.0,132.0,1400.0,1881.0,919.0,108.0,0.0,1314.0,1323.0,323.0,179.0,169.0,1507.0,666.0,702.0,59.0,1011.0,591.0,404.0,422.0,155.0,1410.0,382.0,340.0,429.0,384.0,560.0,520.0,506.0,150.0,514.0,556.0,52.0,286.0,108.0,209.0,297.0,82.0,143.0,551.0,474.0,892.0,127.0,49.0,1145.0,580.0,90.0,587.0,585.0,425.0,517.0,1232.0,854.0,430.0,95.0,17.0,311.0,113.0,124.0,97.0,235.0,1112.0,397.0,1356.0,522.0,724.0,56.0,150.0,222.0,100.0,748.0,684.0,201.0,73.0,452.0,148.0,174.0,384.0,487.0,559.0,76.0,304.0,529.0,308.0,223.0,62.0,212.0,402.0,292.0,213.0,166.0,558.0,448.0,110.0,303.0,648.0,270.0,307.0,69.0,318.0,142.0,294.0,59.0,275.0,627.0
30,2477.0,3648.0,232.0,910.0,1148.0,2989.0,2556.0,3498.0,560.0,1705.0,2796.0,697.0,1210.0,3336.0,1135.0,1128.0,1391.0,489.0,1197.0,1145.0,726.0,2132.0,687.0,3328.0,2744.0,1294.0,1044.0,1314.0,0.0,1660.0,907.0,447.0,364.0,3426.0,2254.0,879.0,533.0,2276.0,813.0,1180.0,2301.0,436.0,3721.0,605.0,853.0,1410.0,946.0,2105.0,853.0,945.0,337.0,1037.0,1588.0,229.0,597.0,201.0,352.0,883.0,1329.0,490.0,943.0,1136.0,1286.0,168.0,61.0,3269.0,756.0,810.0,1671.0,1909.0,812.0,1415.0,2696.0,1437.0,1203.0,394.0,145.0,347.0,382.0,837.0,235.0,365.0,2331.0,1155.0,2320.0,622.0,1239.0,142.0,208.0,387.0,305.0,1968.0,1664.0,557.0,1211.0,1907.0,1480.0,1796.0,697.0,858.0,1040.0,201.0,3487.0,1006.0,752.0,629.0,709.0,643.0,849.0,375.0,326.0,505.0,1229.0,617.0,454.0,474.0,1028.0,732.0,495.0,1267.0,437.0,1475.0,602.0,488.0,448.0,1575.0
31,2431.0,3406.0,181.0,1002.0,966.0,2888.0,2616.0,3583.0,450.0,1780.0,2661.0,618.0,1424.0,3276.0,1150.0,1136.0,1490.0,416.0,1125.0,1063.0,685.0,1957.0,615.0,3466.0,2617.0,1072.0,1039.0,1323.0,1660.0,0.0,799.0,455.0,361.0,2962.0,2124.0,777.0,658.0,2326.0,757.0,1126.0,1962.0,432.0,3431.0,538.0,787.0,1233.0,770.0,2150.0,744.0,1074.0,390.0,895.0,1684.0,242.0,553.0,166.0,282.0,879.0,1494.0,567.0,962.0,890.0,1113.0,232.0,28.0,3251.0,681.0,786.0,1788.0,1746.0,739.0,1524.0,2591.0,1305.0,1172.0,404.0,175.0,371.0,363.0,694.0,269.0,347.0,2051.0,978.0,2262.0,610.0,1341.0,113.0,220.0,296.0,407.0,1740.0,1491.0,525.0,1218.0,2101.0,1542.0,1698.0,736.0,813.0,1071.0,218.0,3263.0,933.0,797.0,682.0,722.0,626.0,947.0,370.0,324.0,508.0,1306.0,662.0,523.0,912.0,992.0,736.0,529.0,1379.0,404.0,1643.0,567.0,483.0,494.0,1638.0
32,329.0,835.0,111.0,204.0,591.0,487.0,743.0,476.0,235.0,272.0,537.0,116.0,242.0,1202.0,280.0,275.0,290.0,111.0,303.0,412.0,256.0,682.0,164.0,751.0,1189.0,652.0,270.0,323.0,907.0,799.0,0.0,178.0,102.0,931.0,617.0,444.0,129.0,499.0,349.0,179.0,491.0,128.0,550.0,224.0,150.0,361.0,181.0,484.0,423.0,310.0,94.0,391.0,243.0,68.0,158.0,89.0,146.0,274.0,285.0,123.0,289.0,234.0,598.0,79.0,34.0,448.0,368.0,208.0,236.0,568.0,206.0,290.0,637.0,540.0,278.0,100.0,44.0,148.0,90.0,225.0,68.0,152.0,879.0,418.0,781.0,329.0,355.0,50.0,86.0,131.0,113.0,294.0,297.0,129.0,305.0,485.0,287.0,482.0,222.0,383.0,368.0,76.0,815.0,393.0,154.0,163.0,180.0,130.0,271.0,168.0,155.0,114.0,262.0,269.0,113.0,233.0,378.0,166.0,222.0,306.0,186.0,318.0,169.0,111.0,128.0,277.0
33,479.0,477.0,60.0,154.0,332.0,551.0,580.0,632.0,98.0,397.0,650.0,136.0,258.0,657.0,178.0,171.0,298.0,112.0,214.0,247.0,150.0,367.0,123.0,659.0,672.0,325.0,165.0,179.0,447.0,455.0,178.0,0.0,94.0,639.0,374.0,234.0,84.0,388.0,172.0,161.0,361.0,75.0,728.0,153.0,195.0,206.0,183.0,339.0,213.0,215.0,82.0,204.0,290.0,44.0,119.0,29.0,69.0,159.0,183.0,123.0,212.0,198.0,297.0,51.0,15.0,586.0,194.0,103.0,322.0,357.0,181.0,300.0,666.0,288.0,183.0,70.0,21.0,111.0,76.0,144.0,67.0,77.0,484.0,231.0,525.0,153.0,243.0,51.0,58.0,123.0,71.0,349.0,285.0,125.0,143.0,408.0,277.0,281.0,185.0,160.0,237.0,46.0,490.0,202.0,142.0,122.0,83.0,140.0,169.0,103.0,99.0,114.0,276.0,130.0,59.0,119.0,237.0,147.0,116.0,173.0,102.0,193.0,164.0,77.0,113.0,307.0
34,368.0,450.0,48.0,125.0,254.0,441.0,374.0,425.0,99.0,312.0,355.0,106.0,91.0,504.0,144.0,147.0,98.0,76.0,153.0,206.0,100.0,238.0,84.0,335.0,581.0,276.0,150.0,169.0,364.0,361.0,102.0,94.0,0.0,320.0,190.0,179.0,98.0,194.0,133.0,143.0,306.0,44.0,497.0,94.0,98.0,121.0,133.0,303.0,199.0,168.0,42.0,173.0,224.0,37.0,79.0,37.0,57.0,82.0,190.0,62.0,164.0,143.0,241.0,36.0,11.0,496.0,132.0,110.0,277.0,303.0,121.0,181.0,297.0,198.0,81.0,56.0,20.0,88.0,42.0,109.0,33.0,79.0,371.0,192.0,390.0,135.0,198.0,37.0,35.0,127.0,59.0,236.0,186.0,75.0,170.0,289.0,258.0,252.0,157.0,158.0,207.0,32.0,494.0,217.0,57.0,93.0,91.0,133.0,140.0,92.0,68.0,60.0,149.0,139.0,51.0,120.0,235.0,74.0,98.0,194.0,90.0,225.0,153.0,52.0,79.0,193.0
35,2229.0,3546.0,378.0,914.0,2335.0,2537.0,2873.0,3262.0,782.0,1517.0,2020.0,681.0,724.0,4341.0,1139.0,1188.0,721.0,568.0,1155.0,1661.0,791.0,2056.0,659.0,2088.0,4430.0,2409.0,1158.0,1507.0,3426.0,2962.0,931.0,639.0,320.0,0.0,1819.0,1747.0,556.0,1410.0,1376.0,1256.0,2439.0,410.0,3350.0,822.0,582.0,1092.0,910.0,2128.0,1412.0,1528.0,292.0,1329.0,1641.0,299.0,446.0,311.0,484.0,733.0,1312.0,374.0,1321.0,1100.0,2219.0,238.0,85.0,2802.0,1238.0,833.0,1460.0,2437.0,920.0,1265.0,1924.0,1966.0,617.0,365.0,165.0,587.0,266.0,895.0,168.0,686.0,3656.0,1528.0,2940.0,1294.0,1737.0,166.0,309.0,609.0,288.0,1842.0,1469.0,575.0,1387.0,1915.0,1387.0,1998.0,1025.0,1272.0,1682.0,292.0,3423.0,1401.0,428.0,576.0,802.0,650.0,984.0,712.0,537.0,289.0,1207.0,1026.0,341.0,848.0,1351.0,393.0,726.0,1341.0,693.0,1474.0,761.0,453.0,521.0,1346.0
36,1538.0,1489.0,201.0,568.0,1522.0,2047.0,1587.0,2275.0,476.0,1009.0,1309.0,458.0,390.0,2635.0,603.0,519.0,419.0,321.0,609.0,1030.0,456.0,1271.0,286.0,1208.0,3084.0,1536.0,529.0,666.0,2254.0,2124.0,617.0,374.0,190.0,1819.0,0.0,1074.0,220.0,792.0,973.0,740.0,1195.0,220.0,2370.0,543.0,360.0,621.0,639.0,1152.0,944.0,1010.0,160.0,812.0,976.0,156.0,364.0,212.0,309.0,354.0,590.0,170.0,884.0,752.0,1400.0,158.0,41.0,1973.0,877.0,396.0,999.0,1360.0,607.0,796.0,1138.0,1307.0,369.0,159.0,76.0,352.0,132.0,440.0,80.0,437.0,2124.0,953.0,1923.0,878.0,1204.0,84.0,179.0,405.0,179.0,1321.0,1009.0,360.0,622.0,1043.0,631.0,866.0,616.0,891.0,1091.0,153.0,1594.0,927.0,257.0,324.0,345.0,398.0,543.0,484.0,358.0,174.0,754.0,674.0,173.0,620.0,1004.0,225.0,415.0,582.0,453.0,746.0,526.0,219.0,342.0,915.0
37,1176.0,1702.0,116.0,479.0,553.0,1427.0,1282.0,1564.0,241.0,785.0,1304.0,381.0,613.0,1711.0,624.0,586.0,612.0,271.0,578.0,551.0,363.0,1044.0,338.0,1578.0,1368.0,650.0,569.0,702.0,879.0,777.0,444.0,234.0,179.0,1747.0,1074.0,0.0,266.0,1111.0,401.0,566.0,1170.0,238.0,1869.0,263.0,394.0,702.0,445.0,1036.0,387.0,441.0,160.0,440.0,744.0,121.0,283.0,82.0,142.0,414.0,657.0,266.0,434.0,551.0,599.0,99.0,22.0,1650.0,361.0,356.0,738.0,912.0,444.0,656.0,1222.0,666.0,564.0,183.0,65.0,160.0,188.0,382.0,108.0,185.0,1148.0,543.0,1081.0,309.0,602.0,81.0,113.0,154.0,158.0,944.0,808.0,274.0,589.0,920.0,681.0,905.0,313.0,411.0,535.0,102.0,1565.0,435.0,360.0,281.0,329.0,294.0,390.0,179.0,158.0,256.0,615.0,344.0,201.0,218.0,443.0,372.0,252.0,599.0,191.0,670.0,265.0,208.0,237.0,770.0
38,460.0,77.0,75.0,119.0,377.0,531.0,406.0,489.0,115.0,377.0,537.0,109.0,312.0,574.0,99.0,84.0,260.0,63.0,163.0,328.0,134.0,410.0,45.0,736.0,813.0,369.0,44.0,59.0,533.0,658.0,129.0,84.0,98.0,556.0,220.0,266.0,0.0,397.0,232.0,190.0,148.0,59.0,602.0,160.0,200.0,141.0,128.0,267.0,277.0,320.0,75.0,203.0,239.0,17.0,102.0,41.0,81.0,155.0,36.0,104.0,257.0,184.0,442.0,82.0,26.0,580.0,219.0,32.0,332.0,262.0,176.0,252.0,558.0,317.0,195.0,43.0,13.0,178.0,77.0,49.0,63.0,107.0,519.0,184.0,673.0,187.0,316.0,28.0,76.0,156.0,50.0,304.0,266.0,90.0,31.0,239.0,72.0,73.0,226.0,212.0,279.0,43.0,130.0,294.0,137.0,141.0,24.0,126.0,219.0,169.0,104.0,92.0,247.0,209.0,77.0,184.0,321.0,147.0,158.0,40.0,151.0,71.0,226.0,23.0,133.0,274.0
39,1635.0,2380.0,237.0,641.0,1531.0,2107.0,1686.0,2406.0,473.0,1222.0,1107.0,409.0,188.0,2754.0,732.0,740.0,241.0,351.0,649.0,1110.0,431.0,1159.0,365.0,859.0,3122.0,1617.0,704.0,1011.0,2276.0,2326.0,499.0,388.0,194.0,1410.0,792.0,1111.0,397.0,0.0,949.0,812.0,1468.0,188.0,2292.0,571.0,313.0,534.0,630.0,1463.0,898.0,1150.0,142.0,715.0,1134.0,179.0,273.0,209.0,298.0,362.0,973.0,119.0,897.0,750.0,1542.0,195.0,48.0,2252.0,828.0,698.0,1070.0,1535.0,749.0,890.0,870.0,1286.0,224.0,211.0,100.0,499.0,145.0,479.0,78.0,426.0,2321.0,986.0,2073.0,924.0,1351.0,92.0,143.0,382.0,188.0,1313.0,1114.0,341.0,928.0,1409.0,857.0,1253.0,697.0,820.0,1182.0,202.0,2083.0,898.0,157.0,339.0,508.0,477.0,697.0,478.0,328.0,86.0,786.0,692.0,232.0,564.0,1005.0,174.0,495.0,956.0,527.0,1146.0,548.0,307.0,405.0,924.0
40,978.0,1374.0,94.0,443.0,553.0,1233.0,1010.0,1548.0,211.0,701.0,1067.0,278.0,523.0,1441.0,535.0,482.0,571.0,212.0,476.0,503.0,284.0,850.0,295.0,1203.0,1335.0,591.0,480.0,591.0,813.0,757.0,349.0,172.0,133.0,1376.0,973.0,401.0,232.0,949.0,0.0,516.0,935.0,210.0,1505.0,248.0,326.0,801.0,371.0,916.0,364.0,455.0,141.0,389.0,660.0,84.0,207.0,85.0,125.0,441.0,567.0,177.0,385.0,460.0,546.0,98.0,23.0,1302.0,369.0,344.0,672.0,718.0,350.0,575.0,975.0,645.0,532.0,162.0,71.0,160.0,148.0,312.0,90.0,158.0,1139.0,414.0,854.0,301.0,594.0,52.0,73.0,173.0,126.0,816.0,646.0,205.0,494.0,662.0,522.0,709.0,322.0,315.0,449.0,87.0,1148.0,365.0,360.0,241.0,315.0,279.0,279.0,175.0,133.0,198.0,568.0,257.0,160.0,218.0,377.0,293.0,214.0,460.0,185.0,646.0,248.0,221.0,214.0,718.0
41,159.0,1031.0,139.0,182.0,810.0,255.0,865.0,167.0,304.0,143.0,667.0,64.0,421.0,1436.0,354.0,436.0,412.0,87.0,391.0,522.0,323.0,878.0,270.0,1086.0,1604.0,838.0,357.0,404.0,1180.0,1126.0,179.0,161.0,143.0,1256.0,740.0,566.0,190.0,812.0,516.0,0.0,471.0,189.0,237.0,306.0,175.0,461.0,117.0,435.0,478.0,445.0,134.0,452.0,126.0,102.0,175.0,109.0,208.0,295.0,389.0,131.0,425.0,267.0,890.0,79.0,25.0,163.0,551.0,249.0,129.0,764.0,235.0,246.0,1517.0,734.0,389.0,112.0,67.0,207.0,100.0,203.0,65.0,182.0,1193.0,462.0,1153.0,446.0,576.0,24.0,123.0,146.0,117.0,192.0,213.0,64.0,401.0,657.0,449.0,560.0,303.0,527.0,494.0,98.0,971.0,500.0,244.0,213.0,242.0,138.0,429.0,239.0,178.0,130.0,195.0,326.0,127.0,320.0,509.0,215.0,299.0,360.0,226.0,435.0,205.0,164.0,142.0,275.0
42,1044.0,877.0,251.0,457.0,1545.0,1468.0,1391.0,1441.0,511.0,747.0,1572.0,307.0,800.0,2398.0,555.0,457.0,860.0,187.0,615.0,1015.0,543.0,1729.0,269.0,2231.0,3156.0,1593.0,344.0,422.0,2301.0,1962.0,491.0,361.0,306.0,2439.0,1195.0,1170.0,148.0,1468.0,935.0,471.0,0.0,257.0,1598.0,540.0,423.0,730.0,424.0,736.0,988.0,779.0,260.0,855.0,572.0,128.0,423.0,165.0,333.0,540.0,360.0,257.0,897.0,634.0,1430.0,164.0,48.0,1345.0,883.0,249.0,637.0,1184.0,537.0,606.0,1827.0,1410.0,705.0,156.0,63.0,378.0,205.0,261.0,146.0,333.0,1972.0,823.0,2172.0,827.0,1031.0,82.0,227.0,433.0,157.0,838.0,823.0,261.0,338.0,832.0,472.0,566.0,554.0,842.0,868.0,125.0,954.0,984.0,452.0,406.0,230.0,298.0,607.0,478.0,379.0,341.0,573.0,707.0,220.0,534.0,1041.0,426.0,501.0,359.0,396.0,406.0,469.0,139.0,310.0,797.0
43,312.0,336.0,52.0,139.0,331.0,416.0,348.0,465.0,105.0,222.0,284.0,99.0,113.0,597.0,142.0,122.0,98.0,80.0,155.0,207.0,109.0,262.0,80.0,284.0,598.0,298.0,108.0,155.0,436.0,432.0,128.0,75.0,44.0,410.0,220.0,238.0,59.0,188.0,210.0,189.0,257.0,0.0,515.0,110.0,94.0,135.0,143.0,252.0,188.0,222.0,36.0,166.0,224.0,41.0,75.0,36.0,59.0,92.0,124.0,40.0,169.0,155.0,324.0,34.0,10.0,428.0,177.0,81.0,233.0,319.0,135.0,194.0,265.0,271.0,72.0,42.0,15.0,89.0,33.0,100.0,24.0,97.0,460.0,213.0,400.0,203.0,247.0,19.0,42.0,71.0,39.0,244.0,229.0,85.0,136.0,226.0,127.0,187.0,129.0,151.0,170.0,43.0,309.0,165.0,66.0,88.0,74.0,78.0,126.0,118.0,86.0,31.0,169.0,153.0,37.0,115.0,199.0,70.0,101.0,121.0,101.0,139.0,121.0,70.0,89.0,187.0
44,451.0,3620.0,407.0,440.0,2552.0,574.0,3216.0,508.0,822.0,400.0,1969.0,157.0,1325.0,4460.0,945.0,1152.0,1484.0,276.0,1279.0,1775.0,919.0,2749.0,667.0,3479.0,5235.0,2696.0,1189.0,1410.0,3721.0,3431.0,550.0,728.0,497.0,3350.0,2370.0,1869.0,602.0,2292.0,1505.0,237.0,1598.0,515.0,0.0,920.0,565.0,1352.0,326.0,1347.0,1927.0,1492.0,412.0,1453.0,437.0,295.0,546.0,308.0,491.0,941.0,1331.0,514.0,1360.0,733.0,2589.0,302.0,103.0,482.0,1461.0,796.0,368.0,2382.0,606.0,732.0,3126.0,2233.0,1165.0,331.0,157.0,699.0,324.0,619.0,225.0,609.0,3487.0,1667.0,3449.0,1377.0,1847.0,103.0,297.0,503.0,366.0,502.0,486.0,187.0,1264.0,2301.0,1453.0,1793.0,1059.0,1490.0,1747.0,251.0,3414.0,1675.0,697.0,753.0,715.0,328.0,1177.0,852.0,568.0,512.0,689.0,1081.0,461.0,968.0,1754.0,685.0,858.0,1253.0,746.0,1447.0,672.0,490.0,465.0,799.0
45,655.0,841.0,75.0,347.0,357.0,801.0,751.0,872.0,110.0,438.0,672.0,190.0,293.0,910.0,316.0,315.0,351.0,127.0,324.0,324.0,202.0,510.0,188.0,854.0,861.0,433.0,247.0,382.0,605.0,538.0,224.0,153.0,94.0,822.0,543.0,263.0,160.0,571.0,248.0,306.0,540.0,110.0,920.0,0.0,219.0,323.0,261.0,616.0,261.0,325.0,110.0,285.0,433.0,71.0,149.0,66.0,106.0,259.0,367.0,130.0,260.0,250.0,395.0,67.0,21.0,824.0,237.0,226.0,402.0,472.0,236.0,430.0,590.0,352.0,262.0,101.0,50.0,125.0,93.0,212.0,66.0,123.0,691.0,282.0,594.0,240.0,395.0,34.0,75.0,98.0,84.0,484.0,498.0,150.0,324.0,531.0,380.0,482.0,229.0,238.0,264.0,47.0,780.0,267.0,202.0,175.0,223.0,201.0,225.0,127.0,102.0,105.0,338.0,167.0,134.0,157.0,277.0,178.0,150.0,382.0,120.0,411.0,204.0,147.0,198.0,432.0
46,417.0,832.0,105.0,152.0,591.0,457.0,729.0,453.0,149.0,285.0,435.0,110.0,177.0,1069.0,193.0,276.0,170.0,95.0,287.0,432.0,180.0,491.0,158.0,599.0,1164.0,622.0,244.0,340.0,853.0,787.0,150.0,195.0,98.0,582.0,360.0,394.0,200.0,313.0,326.0,175.0,423.0,94.0,565.0,219.0,0.0,208.0,147.0,411.0,433.0,420.0,68.0,330.0,268.0,66.0,123.0,78.0,114.0,173.0,292.0,99.0,306.0,192.0,554.0,89.0,29.0,445.0,296.0,192.0,298.0,564.0,210.0,259.0,509.0,400.0,132.0,90.0,31.0,218.0,74.0,157.0,48.0,183.0,807.0,339.0,853.0,348.0,365.0,33.0,73.0,176.0,106.0,293.0,192.0,97.0,302.0,545.0,394.0,417.0,349.0,339.0,380.0,77.0,814.0,391.0,118.0,170.0,158.0,143.0,260.0,211.0,151.0,80.0,247.0,282.0,115.0,217.0,453.0,95.0,219.0,351.0,189.0,422.0,260.0,126.0,125.0,238.0
47,948.0,1009.0,142.0,347.0,979.0,1106.0,1012.0,1378.0,281.0,552.0,832.0,298.0,289.0,1719.0,388.0,389.0,312.0,216.0,379.0,608.0,320.0,843.0,207.0,854.0,1827.0,1005.0,349.0,429.0,1410.0,1233.0,361.0,206.0,121.0,1092.0,621.0,702.0,141.0,534.0,801.0,461.0,730.0,135.0,1352.0,323.0,208.0,0.0,340.0,716.0,571.0,626.0,126.0,493.0,575.0,88.0,224.0,128.0,192.0,281.0,384.0,117.0,497.0,443.0,924.0,93.0,33.0,1162.0,522.0,241.0,596.0,895.0,358.0,512.0,758.0,814.0,285.0,102.0,47.0,221.0,119.0,290.0,85.0,270.0,1468.0,599.0,1162.0,512.0,672.0,56.0,109.0,237.0,105.0,781.0,581.0,233.0,367.0,612.0,362.0,575.0,400.0,523.0,622.0,92.0,945.0,581.0,196.0,213.0,240.0,221.0,341.0,262.0,197.0,142.0,437.0,387.0,110.0,341.0,587.0,154.0,297.0,311.0,286.0,416.0,330.0,156.0,221.0,559.0
48,175.0,901.0,117.0,158.0,665.0,228.0,869.0,210.0,229.0,139.0,491.0,76.0,335.0,1290.0,291.0,314.0,358.0,102.0,340.0,444.0,270.0,695.0,207.0,787.0,1321.0,692.0,330.0,384.0,946.0,770.0,181.0,183.0,133.0,910.0,639.0,445.0,128.0,630.0,371.0,117.0,424.0,143.0,326.0,261.0,147.0,340.0,0.0,404.0,408.0,444.0,108.0,437.0,155.0,71.0,152.0,120.0,177.0,293.0,367.0,104.0,372.0,223.0,611.0,81.0,27.0,178.0,409.0,245.0,138.0,672.0,178.0,229.0,746.0,516.0,302.0,102.0,47.0,217.0,92.0,209.0,58.0,175.0,1018.0,468.0,986.0,400.0,501.0,21.0,114.0,156.0,98.0,206.0,147.0,54.0,325.0,537.0,384.0,498.0,313.0,353.0,445.0,77.0,875.0,425.0,202.0,174.0,184.0,107.0,293.0,209.0,166.0,120.0,213.0,305.0,125.0,221.0,436.0,188.0,248.0,356.0,203.0,413.0,209.0,138.0,112.0,229.0
49,913.0,1141.0,241.0,456.0,1453.0,1269.0,1507.0,1260.0,505.0,646.0,1295.0,222.0,792.0,2453.0,537.0,551.0,815.0,199.0,644.0,1030.0,484.0,1589.0,300.0,2074.0,2977.0,1440.0,368.0,560.0,2105.0,2150.0,484.0,339.0,303.0,2128.0,1152.0,1036.0,267.0,1463.0,916.0,435.0,736.0,252.0,1347.0,616.0,411.0,716.0,404.0,0.0,946.0,920.0,214.0,828.0,517.0,110.0,334.0,174.0,332.0,494.0,557.0,259.0,915.0,567.0,1396.0,192.0,48.0,1108.0,872.0,412.0,566.0,1202.0,495.0,563.0,1711.0,1292.0,683.0,169.0,70.0,475.0,215.0,218.0,123.0,398.0,2117.0,771.0,2200.0,874.0,1147.0,73.0,208.0,394.0,185.0,821.0,689.0,218.0,455.0,1165.0,585.0,702.0,630.0,831.0,1011.0,184.0,1246.0,926.0,450.0,441.0,304.0,348.0,676.0,479.0,320.0,268.0,647.0,635.0,249.0,500.0,996.0,390.0,471.0,522.0,484.0,746.0,442.0,209.0,401.0,746.0
50,1152.0,1740.0,112.0,355.0,564.0,1395.0,1395.0,1442.0,237.0,822.0,1411.0,305.0,576.0,1561.0,453.0,470.0,616.0,231.0,522.0,508.0,347.0,866.0,277.0,1568.0,1305.0,586.0,484.0,520.0,853.0,744.0,423.0,213.0,199.0,1412.0,944.0,387.0,277.0,898.0,364.0,478.0,988.0,188.0,1927.0,261.0,433.0,571.0,408.0,946.0,0.0,456.0,160.0,445.0,676.0,114.0,279.0,94.0,166.0,440.0,561.0,281.0,409.0,479.0,583.0,105.0,24.0,1535.0,319.0,276.0,835.0,933.0,328.0,614.0,1317.0,623.0,481.0,212.0,78.0,156.0,182.0,349.0,136.0,173.0,1076.0,495.0,1079.0,269.0,514.0,70.0,90.0,209.0,189.0,782.0,628.0,277.0,571.0,852.0,663.0,877.0,345.0,434.0,483.0,109.0,1693.0,481.0,313.0,269.0,255.0,347.0,408.0,200.0,181.0,310.0,599.0,288.0,188.0,235.0,539.0,306.0,259.0,490.0,197.0,653.0,321.0,202.0,200.0,681.0
51,1035.0,1222.0,113.0,448.0,678.0,1876.0,1127.0,1322.0,263.0,1028.0,1480.0,234.0,654.0,1291.0,668.0,511.0,730.0,177.0,542.0,644.0,386.0,1014.0,275.0,1729.0,1500.0,717.0,416.0,506.0,945.0,1074.0,310.0,215.0,168.0,1528.0,1010.0,441.0,320.0,1150.0,455.0,445.0,779.0,222.0,1492.0,325.0,420.0,626.0,444.0,920.0,456.0,0.0,191.0,474.0,646.0,148.0,259.0,79.0,164.0,422.0,635.0,229.0,408.0,522.0,678.0,112.0,31.0,1366.0,453.0,368.0,754.0,621.0,453.0,688.0,1263.0,699.0,547.0,164.0,65.0,226.0,184.0,246.0,121.0,160.0,996.0,403.0,1190.0,408.0,576.0,57.0,135.0,180.0,201.0,761.0,849.0,236.0,487.0,930.0,666.0,646.0,332.0,427.0,481.0,87.0,1342.0,428.0,432.0,290.0,301.0,339.0,475.0,261.0,203.0,215.0,671.0,356.0,267.0,242.0,482.0,357.0,301.0,628.0,240.0,751.0,329.0,219.0,283.0,801.0
52,289.0,345.0,44.0,98.0,251.0,369.0,298.0,430.0,88.0,229.0,249.0,80.0,73.0,467.0,122.0,134.0,77.0,66.0,141.0,174.0,90.0,181.0,70.0,223.0,472.0,251.0,130.0,150.0,337.0,390.0,94.0,82.0,42.0,292.0,160.0,160.0,75.0,142.0,141.0,134.0,260.0,36.0,412.0,110.0,68.0,126.0,108.0,214.0,160.0,191.0,0.0,139.0,176.0,35.0,71.0,35.0,63.0,75.0,152.0,43.0,131.0,131.0,242.0,39.0,21.0,380.0,123.0,102.0,217.0,233.0,125.0,173.0,190.0,166.0,75.0,50.0,12.0,92.0,27.0,93.0,15.0,74.0,372.0,142.0,333.0,141.0,208.0,22.0,30.0,111.0,43.0,200.0,211.0,63.0,149.0,233.0,171.0,204.0,140.0,125.0,182.0,38.0,359.0,143.0,60.0,62.0,91.0,93.0,126.0,94.0,56.0,34.0,162.0,115.0,49.0,91.0,151.0,49.0,81.0,158.0,79.0,205.0,115.0,56.0,72.0,172.0
